# unix_time, cycles_done, cur_path, paths_total, pending_total, pending_favs, map_size, unique_crashes, unique_hangs, max_depth, execs_per_sec
1581876612, 0, 0, 1, 1, 1, 0.26%, 0, 0, 1, 44.94
1581876617, 0, 0, 5, 5, 1, 0.26%, 0, 0, 2, 47.80
1581876622, 0, 0, 24, 24, 1, 0.26%, 0, 0, 2, 53.36
1581876627, 0, 0, 37, 37, 1, 0.26%, 0, 0, 2, 52.65
1581876632, 0, 0, 45, 45, 1, 0.26%, 0, 0, 2, 51.59
1581876637, 0, 0, 55, 55, 1, 0.26%, 0, 0, 2, 50.00
1581876642, 0, 0, 61, 61, 1, 0.26%, 0, 0, 2, 49.22
1581876647, 0, 0, 66, 66, 1, 0.26%, 0, 0, 2, 48.77
1581876652, 0, 0, 72, 72, 1, 0.26%, 0, 0, 2, 51.17
1581876658, 0, 0, 78, 78, 1, 0.26%, 0, 0, 2, 51.92
1581876663, 0, 0, 84, 84, 1, 0.26%, 0, 0, 2, 52.60
1581876668, 0, 0, 87, 87, 1, 0.26%, 0, 0, 2, 51.98
1581876673, 0, 0, 89, 89, 1, 0.26%, 0, 0, 2, 52.25
1581876678, 0, 0, 93, 93, 1, 0.26%, 0, 0, 2, 50.37
1581876683, 0, 0, 98, 98, 1, 0.26%, 0, 0, 2, 49.86
1581876688, 0, 0, 100, 100, 1, 0.26%, 0, 0, 2, 50.57
1581876693, 0, 0, 101, 101, 1, 0.26%, 0, 0, 2, 49.85
1581876703, 0, 0, 107, 107, 1, 0.27%, 0, 0, 2, 51.67
1581876708, 0, 0, 110, 110, 1, 0.27%, 0, 0, 2, 54.82
1581876749, 0, 0, 111, 111, 1, 0.27%, 0, 0, 2, 54.09
1581876769, 0, 0, 112, 112, 1, 0.27%, 0, 0, 2, 52.02
1581876774, 0, 0, 113, 113, 1, 0.27%, 0, 0, 2, 53.11
1581876861, 0, 0, 115, 115, 1, 0.27%, 0, 0, 2, 56.04
1581876886, 0, 0, 116, 116, 1, 0.27%, 0, 0, 2, 55.08
1581876917, 0, 0, 117, 117, 1, 0.27%, 0, 0, 2, 54.85
1581876932, 0, 0, 118, 118, 1, 0.27%, 0, 0, 2, 54.40
1581876937, 0, 0, 119, 119, 1, 0.27%, 0, 0, 2, 53.11
1581877059, 0, 0, 120, 120, 1, 0.27%, 0, 0, 2, 54.50
1581877216, 0, 0, 121, 121, 1, 0.27%, 0, 0, 2, 55.20
1581877261, 0, 0, 122, 122, 1, 0.27%, 0, 0, 2, 56.81
1581877337, 0, 0, 124, 124, 1, 0.27%, 0, 0, 2, 52.27
1581877342, 0, 0, 125, 125, 1, 0.27%, 0, 0, 2, 53.99
1581877357, 0, 0, 126, 126, 1, 0.27%, 0, 0, 2, 51.42
1581877378, 0, 0, 127, 127, 1, 0.27%, 0, 0, 2, 52.71
1581877383, 0, 0, 132, 132, 1, 0.28%, 0, 0, 2, 54.38
1581877388, 0, 0, 138, 138, 1, 0.28%, 0, 0, 2, 57.64
