Contenu dictionnaire pour hugo1.txt : 
je (1,1) (1,4) (1,21) (2,20) (3,1) (4,1) (4,30) (5,1) (6,1) (6,4) (6,26) (6,29) (7,5) (7,30) (8,1) (8,11) (8,14) (8,24) (8,27) (9,13) (10,17) (10,30)
pas (1,17) (1,30) (2,29) (2,38) (3,24) (4,17) (4,33) (5,38) (5,42) (7,1) (9,3) (9,22) (9,26) (10,6) (10,20)
sans (2,1) (2,33) (3,4) (4,37) (5,16) (6,32) (7,41) (10,1)
faner (1,24) (2,6) (2,23) (3,18) (5,4) (5,10) (5,32) (7,24) (8,17) (9,7) (9,16) (10,24) (10,33)
pinson (7,8) (8,4) (10,10) (10,39)
ecouter (2,12) (3,9) (3,28) (3,36) (5,22) (6,18) (7,33)
branches (2,42) (4,21) (5,46) (7,15)
laisserai (1,7) (9,30)
pervenches (1,34) (6,7)
kgenvolerai (8,30)
conversation (4,4)
