# unix_time, cycles_done, cur_path, paths_total, pending_total, pending_favs, map_size, unique_crashes, unique_hangs, max_depth, execs_per_sec
1581876981, 0, 0, 1, 1, 1, 0.02%, 0, 0, 1, 68.38
1581876997, 1, 0, 1, 0, 0, 0.02%, 0, 0, 1, 70.08
1581877002, 4, 0, 1, 0, 0, 0.02%, 0, 0, 1, 69.87
1581877007, 6, 0, 1, 0, 0, 0.02%, 0, 0, 1, 67.83
1581877012, 9, 0, 1, 0, 0, 0.02%, 0, 0, 1, 66.32
1581877017, 12, 0, 1, 0, 0, 0.02%, 0, 0, 1, 67.33
1581877022, 14, 0, 1, 0, 0, 0.02%, 0, 0, 1, 66.66
1581877027, 17, 0, 1, 0, 0, 0.02%, 0, 0, 1, 68.18
1581877032, 20, 0, 1, 0, 0, 0.02%, 0, 0, 1, 67.81
1581877038, 23, 0, 1, 0, 0, 0.02%, 0, 0, 1, 69.52
1581877043, 25, 0, 1, 0, 0, 0.02%, 0, 0, 1, 68.69
1581877048, 28, 0, 1, 0, 0, 0.02%, 0, 0, 1, 68.47
1581877053, 31, 0, 1, 0, 0, 0.02%, 0, 0, 1, 68.33
1581877058, 34, 0, 1, 0, 0, 0.02%, 0, 0, 1, 66.35
1581877064, 36, 0, 1, 0, 0, 0.02%, 0, 0, 1, 65.78
1581877069, 39, 0, 1, 0, 0, 0.02%, 0, 0, 1, 66.29
1581877074, 42, 0, 1, 0, 0, 0.02%, 0, 0, 1, 65.48
1581877079, 44, 0, 1, 0, 0, 0.02%, 0, 0, 1, 67.68
1581877084, 47, 0, 1, 0, 0, 0.02%, 0, 0, 1, 67.34
1581877089, 50, 0, 1, 0, 0, 0.02%, 0, 0, 1, 66.71
1581877095, 52, 0, 1, 0, 0, 0.02%, 0, 0, 1, 65.41
1581877100, 55, 0, 1, 0, 0, 0.02%, 0, 0, 1, 66.53
1581877105, 58, 0, 1, 0, 0, 0.02%, 0, 0, 1, 67.89
1581877110, 61, 0, 1, 0, 0, 0.02%, 0, 0, 1, 67.79
1581877115, 63, 0, 1, 0, 0, 0.02%, 0, 0, 1, 67.38
