# unix_time, cycles_done, cur_path, paths_total, pending_total, pending_favs, map_size, unique_crashes, unique_hangs, max_depth, execs_per_sec
1581883650, 0, 0, 2, 2, 1, 0.02%, 0, 0, 1, 61.78
1581883665, 0, 1, 2, 1, 0, 0.02%, 0, 0, 1, 66.34
1581883686, 1, 0, 2, 0, 0, 0.02%, 0, 0, 1, 67.05
1581883691, 1, 1, 2, 0, 0, 0.02%, 0, 0, 1, 68.04
1581883696, 2, 0, 2, 0, 0, 0.02%, 0, 0, 1, 66.02
1581883701, 2, 1, 2, 0, 0, 0.02%, 0, 0, 1, 71.32
1581883706, 3, 0, 2, 0, 0, 0.02%, 0, 0, 1, 67.44
1581883712, 3, 1, 2, 0, 0, 0.02%, 0, 0, 1, 64.51
1581883717, 4, 0, 2, 0, 0, 0.02%, 0, 0, 1, 66.36
1581883722, 4, 1, 2, 0, 0, 0.02%, 0, 0, 1, 65.21
1581883727, 5, 0, 2, 0, 0, 0.02%, 0, 0, 1, 65.28
1581883732, 5, 1, 2, 0, 0, 0.02%, 0, 0, 1, 64.16
1581883737, 6, 0, 2, 0, 0, 0.02%, 0, 0, 1, 64.82
1581883743, 6, 1, 2, 0, 0, 0.02%, 0, 0, 1, 65.53
1581883748, 7, 0, 2, 0, 0, 0.02%, 0, 0, 1, 63.21
1581883758, 7, 1, 2, 0, 0, 0.02%, 0, 0, 1, 65.26
1581883763, 8, 0, 2, 0, 0, 0.02%, 0, 0, 1, 64.09
1581883768, 8, 1, 2, 0, 0, 0.02%, 0, 0, 1, 65.28
1581883774, 9, 0, 2, 0, 0, 0.02%, 0, 0, 1, 66.15
1581883779, 9, 1, 2, 0, 0, 0.02%, 0, 0, 1, 65.89
1581883784, 10, 0, 2, 0, 0, 0.02%, 0, 0, 1, 64.81
1581883789, 10, 1, 2, 0, 0, 0.02%, 0, 0, 1, 64.13
1581883794, 11, 0, 2, 0, 0, 0.02%, 0, 0, 1, 65.39
1581883799, 11, 1, 2, 0, 0, 0.02%, 0, 0, 1, 66.79
1581883805, 12, 0, 2, 0, 0, 0.02%, 0, 0, 1, 65.35
1581883815, 12, 1, 2, 0, 0, 0.02%, 0, 0, 1, 64.32
1581883820, 13, 0, 2, 0, 0, 0.02%, 0, 0, 1, 64.13
1581883825, 13, 1, 2, 0, 0, 0.02%, 0, 0, 1, 64.16
1581883830, 14, 0, 2, 0, 0, 0.02%, 0, 0, 1, 63.20
1581883836, 14, 1, 2, 0, 0, 0.02%, 0, 0, 1, 62.27
1581883841, 15, 0, 2, 0, 0, 0.02%, 0, 0, 1, 64.52
1581883846, 15, 1, 2, 0, 0, 0.02%, 0, 0, 1, 63.51
1581883851, 16, 0, 2, 0, 0, 0.02%, 0, 0, 1, 63.88
1581883861, 16, 1, 2, 0, 0, 0.02%, 0, 0, 1, 65.60
1581883866, 17, 0, 2, 0, 0, 0.02%, 0, 0, 1, 64.50
1581883871, 17, 1, 2, 0, 0, 0.02%, 0, 0, 1, 65.77
1581883877, 18, 0, 2, 0, 0, 0.02%, 0, 0, 1, 66.42
1581883882, 18, 1, 2, 0, 0, 0.02%, 0, 0, 1, 65.29
1581883887, 19, 0, 2, 0, 0, 0.02%, 0, 0, 1, 63.50
1581883892, 19, 1, 2, 0, 0, 0.02%, 0, 0, 1, 62.41
1581883897, 20, 0, 2, 0, 0, 0.02%, 0, 0, 1, 62.94
1581883902, 20, 1, 2, 0, 0, 0.02%, 0, 0, 1, 64.60
1581883913, 21, 0, 2, 0, 0, 0.02%, 0, 0, 1, 64.94
1581883918, 21, 1, 2, 0, 0, 0.02%, 0, 0, 1, 66.15
1581883923, 22, 0, 2, 0, 0, 0.02%, 0, 0, 1, 64.55
1581883928, 22, 1, 2, 0, 0, 0.02%, 0, 0, 1, 65.36
1581883933, 23, 0, 2, 0, 0, 0.02%, 0, 0, 1, 65.82
1581883939, 23, 1, 2, 0, 0, 0.02%, 0, 0, 1, 63.95
1581883944, 24, 0, 2, 0, 0, 0.02%, 0, 0, 1, 63.54
1581883949, 24, 1, 2, 0, 0, 0.02%, 0, 0, 1, 63.06
1581883954, 25, 0, 2, 0, 0, 0.02%, 0, 0, 1, 66.60
1581883959, 25, 1, 2, 0, 0, 0.02%, 0, 0, 1, 66.06
1581883964, 26, 0, 2, 0, 0, 0.02%, 0, 0, 1, 65.66
1581883975, 26, 1, 2, 0, 0, 0.02%, 0, 0, 1, 67.21
1581883980, 27, 0, 2, 0, 0, 0.02%, 0, 0, 1, 66.34
1581883985, 27, 1, 2, 0, 0, 0.02%, 0, 0, 1, 62.80
1581883990, 28, 0, 2, 0, 0, 0.02%, 0, 0, 1, 63.04
1581883995, 28, 1, 2, 0, 0, 0.02%, 0, 0, 1, 64.33
1581884001, 29, 0, 2, 0, 0, 0.02%, 0, 0, 1, 64.38
1581884006, 29, 1, 2, 0, 0, 0.02%, 0, 0, 1, 64.91
1581884011, 30, 0, 2, 0, 0, 0.02%, 0, 0, 1, 61.99
1581884021, 30, 1, 2, 0, 0, 0.02%, 0, 0, 1, 63.88
1581884026, 31, 0, 2, 0, 0, 0.02%, 0, 0, 1, 69.32
1581884031, 31, 1, 2, 0, 0, 0.02%, 0, 0, 1, 71.92
1581884036, 32, 0, 2, 0, 0, 0.02%, 0, 0, 1, 72.40
1581884042, 32, 1, 2, 0, 0, 0.02%, 0, 0, 1, 74.52
1581884047, 33, 0, 2, 0, 0, 0.02%, 0, 0, 1, 71.88
1581884052, 33, 1, 2, 0, 0, 0.02%, 0, 0, 1, 70.42
1581884057, 34, 0, 2, 0, 0, 0.02%, 0, 0, 1, 72.02
1581884062, 34, 1, 2, 0, 0, 0.02%, 0, 0, 1, 72.27
1581884067, 35, 0, 2, 0, 0, 0.02%, 0, 0, 1, 71.80
1581884073, 35, 1, 2, 0, 0, 0.02%, 0, 0, 1, 72.05
1581884078, 36, 1, 2, 0, 0, 0.02%, 0, 0, 1, 74.53
1581884083, 37, 0, 2, 0, 0, 0.02%, 0, 0, 1, 72.35
1581884088, 37, 1, 2, 0, 0, 0.02%, 0, 0, 1, 73.39
1581884098, 38, 0, 2, 0, 0, 0.02%, 0, 0, 1, 64.49
1581884104, 38, 1, 2, 0, 0, 0.02%, 0, 0, 1, 64.82
1581884109, 39, 0, 2, 0, 0, 0.02%, 0, 0, 1, 64.70
1581884114, 39, 1, 2, 0, 0, 0.02%, 0, 0, 1, 64.13
1581884119, 40, 0, 2, 0, 0, 0.02%, 0, 0, 1, 62.90
1581884124, 40, 1, 2, 0, 0, 0.02%, 0, 0, 1, 63.46
1581884129, 41, 0, 2, 0, 0, 0.02%, 0, 0, 1, 65.43
1581884134, 41, 1, 2, 0, 0, 0.02%, 0, 0, 1, 65.65
1581884139, 42, 0, 2, 0, 0, 0.02%, 0, 0, 1, 63.62
1581884150, 42, 1, 2, 0, 0, 0.02%, 0, 0, 1, 62.40
1581884155, 43, 0, 2, 0, 0, 0.02%, 0, 0, 1, 64.92
1581884160, 43, 1, 2, 0, 0, 0.02%, 0, 0, 1, 66.90
1581884165, 44, 0, 2, 0, 0, 0.02%, 0, 0, 1, 67.79
1581884170, 44, 1, 2, 0, 0, 0.02%, 0, 0, 1, 65.12
1581884176, 45, 0, 2, 0, 0, 0.02%, 0, 0, 1, 65.47
1581884181, 45, 1, 2, 0, 0, 0.02%, 0, 0, 1, 65.09
1581884186, 46, 0, 2, 0, 0, 0.02%, 0, 0, 1, 65.21
1581884191, 46, 1, 2, 0, 0, 0.02%, 0, 0, 1, 65.00
1581884196, 47, 0, 2, 0, 0, 0.02%, 0, 0, 1, 64.46
1581884201, 47, 1, 2, 0, 0, 0.02%, 0, 0, 1, 64.27
1581884212, 48, 0, 2, 0, 0, 0.02%, 0, 0, 1, 66.70
1581884217, 48, 1, 2, 0, 0, 0.02%, 0, 0, 1, 66.91
1581884222, 49, 0, 2, 0, 0, 0.02%, 0, 0, 1, 65.34
1581884227, 49, 1, 2, 0, 0, 0.02%, 0, 0, 1, 63.62
1581884232, 50, 0, 2, 0, 0, 0.02%, 0, 0, 1, 63.13
1581884237, 50, 1, 2, 0, 0, 0.02%, 0, 0, 1, 64.53
1581884243, 51, 0, 2, 0, 0, 0.02%, 0, 0, 1, 66.14
1581884248, 51, 1, 2, 0, 0, 0.02%, 0, 0, 1, 65.19
1581884253, 52, 0, 2, 0, 0, 0.02%, 0, 0, 1, 66.30
1581884258, 52, 1, 2, 0, 0, 0.02%, 0, 0, 1, 65.25
1581884263, 53, 0, 2, 0, 0, 0.02%, 0, 0, 1, 65.21
1581884273, 53, 1, 2, 0, 0, 0.02%, 0, 0, 1, 63.31
1581884279, 54, 0, 2, 0, 0, 0.02%, 0, 0, 1, 64.03
1581884284, 54, 1, 2, 0, 0, 0.02%, 0, 0, 1, 65.37
1581884289, 55, 0, 2, 0, 0, 0.02%, 0, 0, 1, 62.53
1581884294, 55, 1, 2, 0, 0, 0.02%, 0, 0, 1, 63.63
1581884299, 56, 0, 2, 0, 0, 0.02%, 0, 0, 1, 65.48
1581884304, 56, 1, 2, 0, 0, 0.02%, 0, 0, 1, 64.74
1581884310, 57, 0, 2, 0, 0, 0.02%, 0, 0, 1, 64.37
1581884315, 57, 1, 2, 0, 0, 0.02%, 0, 0, 1, 65.27
1581884325, 58, 0, 2, 0, 0, 0.02%, 0, 0, 1, 65.13
1581884330, 58, 1, 2, 0, 0, 0.02%, 0, 0, 1, 68.41
1581884335, 59, 0, 2, 0, 0, 0.02%, 0, 0, 1, 67.25
1581884341, 59, 1, 2, 0, 0, 0.02%, 0, 0, 1, 64.49
1581884346, 60, 0, 2, 0, 0, 0.02%, 0, 0, 1, 63.28
1581884351, 60, 1, 2, 0, 0, 0.02%, 0, 0, 1, 62.83
1581884356, 61, 0, 2, 0, 0, 0.02%, 0, 0, 1, 63.13
1581884361, 61, 1, 2, 0, 0, 0.02%, 0, 0, 1, 65.45
1581884366, 62, 0, 2, 0, 0, 0.02%, 0, 0, 1, 64.14
1581884376, 62, 1, 2, 0, 0, 0.02%, 0, 0, 1, 65.56
1581884382, 63, 0, 2, 0, 0, 0.02%, 0, 0, 1, 65.62
1581884387, 63, 1, 2, 0, 0, 0.02%, 0, 0, 1, 66.11
1581884392, 64, 0, 2, 0, 0, 0.02%, 0, 0, 1, 65.76
1581884397, 64, 1, 2, 0, 0, 0.02%, 0, 0, 1, 64.70
1581884402, 65, 0, 2, 0, 0, 0.02%, 0, 0, 1, 67.06
1581884407, 65, 1, 2, 0, 0, 0.02%, 0, 0, 1, 63.62
1581884413, 66, 0, 2, 0, 0, 0.02%, 0, 0, 1, 64.28
1581884418, 66, 1, 2, 0, 0, 0.02%, 0, 0, 1, 65.97
1581884423, 67, 0, 2, 0, 0, 0.02%, 0, 0, 1, 63.34
1581884428, 67, 1, 2, 0, 0, 0.02%, 0, 0, 1, 63.86
1581884438, 68, 0, 2, 0, 0, 0.02%, 0, 0, 1, 66.89
1581884443, 68, 1, 2, 0, 0, 0.02%, 0, 0, 1, 65.46
1581884448, 69, 0, 2, 0, 0, 0.02%, 0, 0, 1, 63.26
1581884454, 69, 1, 2, 0, 0, 0.02%, 0, 0, 1, 63.51
1581884459, 70, 0, 2, 0, 0, 0.02%, 0, 0, 1, 63.87
1581884464, 70, 1, 2, 0, 0, 0.02%, 0, 0, 1, 66.36
1581884469, 71, 0, 2, 0, 0, 0.02%, 0, 0, 1, 65.37
1581884474, 71, 1, 2, 0, 0, 0.02%, 0, 0, 1, 62.94
1581884479, 72, 0, 2, 0, 0, 0.02%, 0, 0, 1, 63.64
1581884490, 72, 1, 2, 0, 0, 0.02%, 0, 0, 1, 66.71
1581884495, 73, 0, 2, 0, 0, 0.02%, 0, 0, 1, 65.91
1581884500, 73, 1, 2, 0, 0, 0.02%, 0, 0, 1, 64.60
1581884505, 74, 0, 2, 0, 0, 0.02%, 0, 0, 1, 62.20
1581884510, 74, 1, 2, 0, 0, 0.02%, 0, 0, 1, 63.99
1581884515, 75, 0, 2, 0, 0, 0.02%, 0, 0, 1, 64.42
1581884520, 75, 1, 2, 0, 0, 0.02%, 0, 0, 1, 65.02
1581884526, 76, 0, 2, 0, 0, 0.02%, 0, 0, 1, 63.26
1581884531, 76, 1, 2, 0, 0, 0.02%, 0, 0, 1, 62.88
1581884541, 77, 0, 2, 0, 0, 0.02%, 0, 0, 1, 66.39
1581884546, 77, 1, 2, 0, 0, 0.02%, 0, 0, 1, 65.15
1581884551, 78, 0, 2, 0, 0, 0.02%, 0, 0, 1, 65.30
1581884556, 78, 1, 2, 0, 0, 0.02%, 0, 0, 1, 64.77
1581884562, 79, 0, 2, 0, 0, 0.02%, 0, 0, 1, 65.51
1581884567, 79, 1, 2, 0, 0, 0.02%, 0, 0, 1, 63.64
1581884572, 80, 0, 2, 0, 0, 0.02%, 0, 0, 1, 63.18
1581884577, 80, 1, 2, 0, 0, 0.02%, 0, 0, 1, 65.57
1581884582, 81, 0, 2, 0, 0, 0.02%, 0, 0, 1, 64.57
1581884587, 81, 1, 2, 0, 0, 0.02%, 0, 0, 1, 64.14
1581884598, 82, 0, 2, 0, 0, 0.02%, 0, 0, 1, 64.81
1581884603, 82, 1, 2, 0, 0, 0.02%, 0, 0, 1, 64.07
1581884608, 83, 0, 2, 0, 0, 0.02%, 0, 0, 1, 63.61
1581884613, 83, 1, 2, 0, 0, 0.02%, 0, 0, 1, 64.53
1581884618, 84, 0, 2, 0, 0, 0.02%, 0, 0, 1, 67.30
1581884624, 84, 1, 2, 0, 0, 0.02%, 0, 0, 1, 64.27
1581884629, 85, 0, 2, 0, 0, 0.02%, 0, 0, 1, 65.83
1581884634, 85, 1, 2, 0, 0, 0.02%, 0, 0, 1, 64.64
1581884639, 86, 0, 2, 0, 0, 0.02%, 0, 0, 1, 64.93
1581884644, 86, 1, 2, 0, 0, 0.02%, 0, 0, 1, 65.56
1581884650, 87, 0, 2, 0, 0, 0.02%, 0, 0, 1, 65.71
1581884660, 87, 1, 2, 0, 0, 0.02%, 0, 0, 1, 64.20
1581884665, 88, 0, 2, 0, 0, 0.02%, 0, 0, 1, 67.25
1581884670, 88, 1, 2, 0, 0, 0.02%, 0, 0, 1, 67.81
1581884675, 89, 0, 2, 0, 0, 0.02%, 0, 0, 1, 67.64
1581884680, 89, 1, 2, 0, 0, 0.02%, 0, 0, 1, 63.62
1581884685, 90, 0, 2, 0, 0, 0.02%, 0, 0, 1, 63.76
1581884690, 90, 1, 2, 0, 0, 0.02%, 0, 0, 1, 64.89
1581884695, 91, 0, 2, 0, 0, 0.02%, 0, 0, 1, 63.13
1581884701, 91, 1, 2, 0, 0, 0.02%, 0, 0, 1, 63.01
1581884711, 92, 0, 2, 0, 0, 0.02%, 0, 0, 1, 69.68
1581884716, 92, 1, 2, 0, 0, 0.02%, 0, 0, 1, 69.53
1581884721, 93, 0, 2, 0, 0, 0.02%, 0, 0, 1, 71.28
1581884727, 93, 1, 2, 0, 0, 0.02%, 0, 0, 1, 69.48
1581884732, 94, 0, 2, 0, 0, 0.02%, 0, 0, 1, 65.42
1581884737, 94, 1, 2, 0, 0, 0.02%, 0, 0, 1, 62.85
1581884742, 95, 0, 2, 0, 0, 0.02%, 0, 0, 1, 63.83
1581884747, 95, 1, 2, 0, 0, 0.02%, 0, 0, 1, 64.33
1581884752, 96, 0, 2, 0, 0, 0.02%, 0, 0, 1, 64.95
1581884757, 96, 1, 2, 0, 0, 0.02%, 0, 0, 1, 68.87
1581884762, 97, 0, 2, 0, 0, 0.02%, 0, 0, 1, 73.99
1581884768, 97, 1, 2, 0, 0, 0.02%, 0, 0, 1, 72.01
1581884773, 98, 0, 2, 0, 0, 0.02%, 0, 0, 1, 68.63
1581884778, 98, 1, 2, 0, 0, 0.02%, 0, 0, 1, 65.61
1581884783, 99, 0, 2, 0, 0, 0.02%, 0, 0, 1, 65.14
1581884788, 99, 1, 2, 0, 0, 0.02%, 0, 0, 1, 64.76
