# unix_time, cycles_done, cur_path, paths_total, pending_total, pending_favs, map_size, unique_crashes, unique_hangs, max_depth, execs_per_sec
1581797147, 0, 0, 1, 1, 1, 0.03%, 0, 0, 1, 470.59
1581797152, 0, 2, 7, 5, 5, 0.04%, 0, 0, 2, 653.64
1581797157, 0, 3, 8, 5, 4, 0.05%, 1, 0, 3, 665.50
1581797162, 0, 6, 8, 2, 2, 0.05%, 1, 0, 3, 685.66
1581797168, 0, 7, 11, 4, 2, 0.06%, 1, 0, 4, 710.88
1581797173, 0, 9, 11, 2, 2, 0.06%, 1, 0, 4, 703.68
1581797178, 0, 9, 12, 3, 2, 0.06%, 1, 0, 5, 696.23
1581797183, 0, 10, 12, 2, 2, 0.06%, 3, 0, 5, 672.59
1581797188, 0, 10, 12, 2, 2, 0.06%, 4, 0, 5, 665.88
1581797193, 0, 11, 12, 1, 1, 0.06%, 4, 0, 5, 677.54
1581797198, 1, 6, 12, 0, 0, 0.06%, 8, 0, 5, 671.97
1581797203, 2, 1, 12, 0, 0, 0.06%, 10, 0, 5, 652.53
1581797208, 2, 8, 12, 0, 0, 0.06%, 10, 0, 5, 662.06
1581797213, 2, 10, 12, 0, 0, 0.06%, 10, 0, 5, 665.98
1581797218, 3, 4, 12, 0, 0, 0.06%, 12, 0, 5, 653.95
1581797223, 3, 9, 12, 0, 0, 0.06%, 13, 0, 5, 676.24
1581797228, 4, 0, 12, 0, 0, 0.06%, 14, 0, 5, 648.72
1581797233, 4, 8, 12, 0, 0, 0.06%, 14, 0, 5, 659.40
1581797238, 4, 11, 12, 0, 0, 0.06%, 14, 0, 5, 650.13
1581797244, 5, 5, 12, 0, 0, 0.06%, 16, 0, 5, 677.42
1581797249, 5, 10, 12, 0, 0, 0.06%, 17, 0, 5, 693.14
1581797254, 6, 2, 12, 0, 0, 0.06%, 18, 0, 5, 714.02
1581797259, 6, 9, 12, 0, 0, 0.06%, 18, 0, 5, 727.76
1581797264, 7, 0, 12, 0, 0, 0.06%, 18, 0, 5, 707.05
1581797269, 7, 7, 12, 0, 0, 0.06%, 18, 0, 5, 660.41
1581797274, 7, 11, 12, 0, 0, 0.06%, 18, 0, 5, 681.48
1581797280, 8, 5, 12, 0, 0, 0.06%, 18, 0, 5, 667.92
1581797285, 8, 10, 12, 0, 0, 0.06%, 18, 0, 5, 712.66
1581797290, 9, 4, 12, 0, 0, 0.06%, 19, 0, 5, 709.19
1581797295, 9, 9, 13, 1, 0, 0.07%, 20, 0, 5, 686.40
1581797300, 9, 12, 13, 1, 1, 0.07%, 20, 0, 5, 683.91
1581797310, 9, 12, 14, 2, 1, 0.07%, 20, 0, 6, 689.11
1581797321, 9, 12, 15, 3, 1, 0.07%, 20, 0, 6, 690.76
1581797341, 9, 12, 17, 5, 1, 0.12%, 21, 0, 6, 673.93
1581797356, 9, 13, 17, 4, 4, 0.12%, 21, 0, 6, 715.86
1581797361, 9, 13, 18, 5, 4, 0.12%, 21, 0, 7, 707.03
1581797366, 9, 13, 19, 6, 4, 0.13%, 22, 0, 7, 701.70
1581797387, 9, 13, 20, 7, 4, 0.13%, 22, 0, 7, 710.96
1581797417, 9, 14, 20, 6, 6, 0.13%, 22, 0, 7, 457.14
1581797442, 9, 15, 23, 8, 6, 0.14%, 24, 0, 7, 659.18
1581797447, 9, 15, 23, 8, 6, 0.14%, 25, 0, 7, 666.99
1581797452, 9, 15, 24, 9, 6, 0.14%, 25, 0, 7, 663.02
1581797458, 9, 15, 26, 11, 6, 0.15%, 25, 0, 7, 655.61
1581797473, 9, 15, 28, 13, 6, 0.16%, 25, 0, 7, 696.17
1581797478, 9, 15, 30, 15, 6, 0.16%, 25, 0, 7, 697.98
1581797493, 9, 16, 30, 14, 12, 0.16%, 25, 0, 7, 666.43
1581797503, 9, 16, 31, 15, 12, 0.16%, 25, 0, 7, 647.64
1581797519, 9, 16, 33, 17, 12, 0.17%, 25, 0, 7, 679.12
1581797524, 9, 16, 34, 18, 12, 0.18%, 25, 0, 7, 700.26
1581797534, 9, 16, 36, 20, 12, 0.18%, 25, 0, 7, 676.03
1581797539, 9, 16, 37, 21, 12, 0.19%, 26, 0, 7, 675.45
1581797544, 9, 17, 37, 20, 17, 0.19%, 27, 0, 7, 676.53
1581797554, 9, 17, 37, 20, 17, 0.19%, 28, 0, 7, 698.38
1581797574, 9, 17, 38, 21, 17, 0.19%, 28, 0, 8, 651.99
1581797605, 9, 18, 38, 20, 17, 0.19%, 28, 0, 8, 679.22
1581797625, 9, 19, 38, 19, 16, 0.19%, 28, 0, 8, 669.01
1581797661, 9, 22, 38, 18, 15, 0.19%, 28, 0, 8, 661.77
1581797686, 9, 22, 39, 19, 15, 0.20%, 28, 0, 8, 674.74
1581797691, 9, 23, 39, 18, 14, 0.20%, 28, 0, 8, 672.86
1581797716, 9, 24, 39, 17, 13, 0.20%, 29, 0, 8, 664.71
1581797736, 9, 24, 40, 18, 13, 0.20%, 29, 0, 8, 695.13
1581797757, 9, 24, 41, 19, 13, 0.21%, 29, 0, 8, 698.28
1581797772, 9, 25, 41, 18, 14, 0.21%, 29, 0, 8, 675.23
1581797797, 9, 26, 41, 17, 13, 0.21%, 29, 0, 8, 692.89
