# unix_time, cycles_done, cur_path, paths_total, pending_total, pending_favs, map_size, unique_crashes, unique_hangs, max_depth, execs_per_sec
1581879284, 0, 0, 2, 2, 2, 0.26%, 0, 0, 1, 28.07
1581879289, 0, 0, 7, 7, 2, 0.26%, 0, 0, 2, 44.78
1581879295, 0, 0, 27, 27, 2, 0.26%, 0, 0, 2, 54.15
1581879300, 0, 0, 42, 42, 2, 0.26%, 0, 0, 2, 54.60
1581879305, 0, 0, 49, 49, 2, 0.26%, 0, 0, 2, 51.28
1581879310, 0, 0, 60, 60, 2, 0.26%, 0, 0, 2, 50.62
1581879315, 0, 0, 65, 65, 2, 0.26%, 0, 0, 2, 50.15
1581879320, 0, 0, 70, 70, 2, 0.26%, 0, 0, 2, 49.60
1581879325, 0, 0, 72, 72, 2, 0.26%, 0, 0, 2, 48.61
1581879330, 0, 0, 79, 79, 2, 0.26%, 0, 0, 2, 50.00
1581879335, 0, 0, 83, 83, 2, 0.26%, 0, 0, 2, 50.29
1581879341, 0, 0, 86, 86, 2, 0.26%, 0, 0, 2, 49.20
1581879346, 0, 0, 89, 89, 2, 0.26%, 0, 0, 2, 51.88
1581879351, 0, 0, 94, 94, 2, 0.26%, 0, 0, 2, 53.08
1581879356, 0, 0, 98, 98, 2, 0.26%, 0, 0, 2, 54.52
1581879361, 0, 0, 101, 101, 2, 0.26%, 0, 0, 2, 53.76
1581879371, 0, 0, 103, 103, 2, 0.26%, 0, 0, 2, 53.49
1581879377, 0, 0, 108, 108, 2, 0.27%, 0, 0, 2, 55.06
1581879382, 0, 0, 109, 109, 2, 0.27%, 0, 0, 2, 54.88
1581879417, 0, 0, 110, 110, 2, 0.27%, 0, 0, 2, 54.58
1581879443, 0, 0, 112, 112, 2, 0.27%, 0, 0, 2, 53.40
1581879525, 0, 0, 113, 113, 2, 0.27%, 0, 0, 2, 52.24
1581879530, 0, 0, 114, 114, 2, 0.27%, 0, 0, 2, 52.78
1581879586, 0, 0, 115, 115, 2, 0.27%, 0, 0, 2, 57.14
1581879596, 0, 0, 116, 116, 2, 0.27%, 0, 0, 2, 59.10
1581879601, 0, 0, 117, 117, 2, 0.27%, 0, 0, 2, 54.38
1581879728, 0, 0, 118, 118, 2, 0.27%, 0, 0, 2, 54.56
1581879885, 0, 0, 119, 119, 2, 0.27%, 0, 0, 2, 52.16
1581879931, 0, 0, 120, 120, 2, 0.27%, 0, 0, 2, 52.90
1581880007, 0, 0, 121, 121, 2, 0.27%, 0, 0, 2, 53.06
1581880012, 0, 0, 122, 122, 2, 0.27%, 0, 0, 2, 52.66
1581880027, 0, 0, 123, 123, 2, 0.27%, 0, 0, 2, 53.91
1581880047, 0, 0, 124, 124, 2, 0.27%, 0, 0, 2, 53.49
1581880052, 0, 0, 126, 126, 2, 0.28%, 0, 0, 2, 51.74
1581880057, 0, 0, 132, 132, 2, 0.28%, 0, 0, 2, 53.83
1581880062, 0, 0, 135, 135, 2, 0.28%, 0, 0, 2, 52.75
1581880260, 0, 0, 137, 137, 2, 0.28%, 0, 0, 2, 52.14
1581880285, 0, 0, 139, 139, 2, 0.28%, 0, 0, 2, 53.96
1581880458, 0, 0, 140, 140, 2, 0.28%, 0, 0, 2, 55.35
1581880473, 0, 0, 141, 141, 2, 0.28%, 0, 0, 2, 55.85
1581880641, 0, 0, 143, 143, 2, 0.28%, 0, 0, 2, 52.07
1581880646, 0, 0, 145, 145, 2, 0.28%, 0, 0, 2, 53.71
1581880656, 0, 0, 148, 148, 2, 0.28%, 0, 0, 2, 54.45
1581880661, 0, 0, 149, 149, 2, 0.28%, 0, 0, 2, 55.76
1581880667, 0, 0, 150, 150, 2, 0.28%, 0, 0, 2, 54.34
1581880672, 0, 0, 152, 152, 2, 0.28%, 0, 0, 2, 53.11
1581880677, 0, 0, 153, 153, 2, 0.28%, 0, 0, 2, 55.98
1581880712, 0, 0, 154, 154, 2, 0.28%, 0, 0, 2, 49.21
1581880743, 0, 0, 155, 155, 2, 0.28%, 0, 0, 2, 47.58
1581880753, 0, 0, 156, 156, 2, 0.28%, 0, 0, 2, 51.39
1581880769, 0, 35, 156, 155, 8, 0.28%, 0, 0, 2, 44.33
1581882114, 0, 103, 156, 154, 7, 0.28%, 0, 0, 2, 53.66
1581883491, 0, 104, 156, 153, 6, 0.28%, 0, 0, 2, 47.64
