# unix_time, cycles_done, cur_path, paths_total, pending_total, pending_favs, map_size, unique_crashes, unique_hangs, max_depth, execs_per_sec
1581678521, 0, 0, 1, 1, 1, 0.20%, 0, 0, 1, 76.19
1581678526, 0, 0, 12, 12, 1, 0.20%, 0, 0, 2, 80.04
1581678531, 0, 0, 24, 24, 1, 0.20%, 0, 0, 2, 80.64
1581678542, 0, 0, 26, 26, 1, 0.20%, 0, 0, 2, 82.13
1581678547, 0, 0, 30, 30, 1, 0.20%, 0, 0, 2, 82.96
1581678557, 0, 0, 31, 31, 1, 0.20%, 0, 0, 2, 85.63
1581678573, 0, 0, 33, 33, 1, 0.21%, 1, 0, 2, 84.69
1581678593, 0, 0, 34, 34, 1, 0.21%, 1, 0, 2, 77.86
1581678613, 0, 0, 34, 34, 1, 0.21%, 2, 0, 2, 85.84
